500.000000
0.040000
3.490376
0.010000
0.079999
0.010000
0.050000
0.070000
0.060000
0.020000
0.020000
0.040000
0.030000
0.030000
0.040000
0.226904
0.040000
0.030000
0.030000
0.040000
0.030000
0.020000
0.040000
0.003000
0.030000
0.010000
1.571771
0.098414
0.053071
0.047308
1.756696
0.030000
0.999995
0.999923
0.999983
0.999999
0.999487
0.999433
1.988787
0.000000
19.999949
0.000000
3.999995
3.999997
19.999935
19.999954
19.999989
0.000000
1.000000
2.999996
2.999995
1.000000
0.999998
0.999991
0.499999
0.000000
4.999979
0.200000
4.999994
19.999975
19.999943
19.999998
0.000000
0.000000
0.000000
0.000000
0.000000
0.200000
0.100000
0.000000
0.000000
0.000000
0.000000
0.000000
0.000000
0.000000
0.000000
0.000000
0.000000
0.000000
0.000000
0.000000
0.000000
0.000000
0.000000
0.000000
0.000000
0.000000
0.000000
0.000000
0.000000
0.000000
0.000000
0.000000
0.000000
0.000000
0.000000
0.000000
0.000000
0.000000
0.000000
0.000000
0.000000
0.000000
0.000000
0.000000
0.000000
0.000000
0.000000
0.000000
0.000000
0.000000
0.000000
0.000000
