1 -0 -0 -0.5 0.5 -0 -1 -0 -3 -1 -1 2 2 2 3 1.5 -0 1 -0.5 -1.5 1 0.5 2 1.5 -0 -1 -0 -1 0.5 1 -1 1 -0 -0 -0 -1 1 -0 -3
-0 0.5 -0 0.25 0.25 0.5 1 0.5 1.5 1.66666666666667 1.66666666666667 0.5 0.5 0.5 0.5 -0.25 1 0.5 0.75 1.25 0.5 0.75 -0.666666666666667 -0.416666666666667 1 1.5 0.5 2 -0.916666666666667 0.5 0.5 0.5 -0 -0 -0 0.166666666666667 -0.166666666666667 -0 0.5
-0 0.5 -0 0.25 0.25 0.5 1 0.5 1.5 1.66666666666667 1.66666666666667 0.5 0.5 0.5 0.5 -0.25 1 0.5 0.75 1.25 0.5 0.75 -0.666666666666667 -0.416666666666667 1 1.5 0.5 2 -0.916666666666667 0.5 0.5 0.5 -0 -0 -0 0.166666666666667 -0.166666666666667 -0 0.5
-0 0.5 -0 0.25 0.25 0.5 1 0.5 1.5 1.66666666666667 1.66666666666667 0.5 0.5 0.5 0.5 -0.25 1 0.5 0.75 1.25 0.5 0.75 -0.666666666666667 -0.416666666666667 -0 1.5 0.5 2 -0.916666666666667 0.5 0.5 0.5 -0 -0 -0 -0.833333333333333 -0.166666666666667 -0 0.5
-0 0.5 -0 0.25 0.25 0.5 1 0.5 1.5 1.33333333333333 1.33333333333333 0.5 0.5 0.5 0.5 -0.25 1 0.5 0.75 1.25 0.5 0.75 -0.333333333333333 -0.0833333333333333 -0 0.5 0.5 1 -0.583333333333333 0.5 0.5 0.5 -0 -0 -0 -0.166666666666667 -0.833333333333333 1 0.5
-0 0.5 -0 0.25 0.25 0.5 1 0.5 1.5 1.33333333333333 1.33333333333333 0.5 0.5 0.5 0.5 -0.25 1 0.5 0.75 1.25 0.5 0.75 -0.333333333333333 -0.0833333333333333 -0 0.5 0.5 1 -0.583333333333333 0.5 0.5 0.5 -0 -0 -0 -0.166666666666667 -0.833333333333333 1 0.5
-0 0.5 -0 0.25 0.25 0.5 1 0.5 1.5 1.33333333333333 1.33333333333333 0.5 0.5 0.5 0.5 -0.25 1 0.5 0.75 1.25 0.5 0.75 -0.333333333333333 -0.0833333333333333 -0 0.5 -0.5 1 -0.583333333333333 0.5 0.5 0.5 -0 -0 -0 -0.166666666666667 -0.833333333333333 -0 0.5
-0 1 -0 0.5 0.5 1 2 1 3 2 2 1 1 1 1 -0.5 2 1 1.5 2.5 1 1.5 -1 -0.5 -0 1 -0 2 -1.5 1 1 1 -0 -0 -0 -0 -1 -0 1
-0 1 -0 0.5 0.5 1 2 1 3 2 2 1 1 1 1 -0.5 2 1 1.5 2.5 1 1.5 -1 -0.5 -0 1 -0 2 -1.5 1 1 1 -0 -0 -0 -0 -1 -0 1
-0 -0 -1 -0 -0 -0 2 1 3 2 2 1 1 1 1 -0 2 1 1 2 1 1 -0 -0 -0 1 -0 1 -1 -0 1 1 -0 -0 -0 -0 -1 -0 1
-0 -0 -1 -0 -0 -0 2 1 3 -0 -0 1 1 1 1 -0 2 1 1 2 1 1 2 2 -0 1 -0 -1 1 -0 1 1 -1 -0 -0 -0 -1 -0 1
-0 -0 -0 -0 -0 -0 -0 -0 -0 -0 -0 -0 -0 -0 -0 -0 -0 -0 -0 -0 -0 -0 -0 -0 -0 -0 -0 -0 -0 -0 -0 -0 -0 -0 -0 1 -1 -0 -0
-0 -0 -0 -0 -0 -0 -0 -0 -0 0.333333333333333 0.333333333333333 -0 -0 -0 -0 -0 -0 -0 -0 -0 -0 -0 -0.333333333333333 -0.333333333333333 -0 -0 -0 1 -0.333333333333333 -0 -0 -0 -0 -0 -0 0.333333333333333 -0.333333333333333 -0 -0
-0 -0 -0 -0 -0 -0 -0 -0 -0 -0.333333333333333 -0.333333333333333 -0 -0 -0 -0 -0 -0 -0 -0 -0 -0 -0 0.333333333333333 0.333333333333333 -0 -0 -0 -1 0.333333333333333 -0 -0 -0 -0 -0 -0 0.666666666666667 -0.666666666666667 -0 -0
-0 -0 -0 -0 -0 -0 -0 -0 -0 -0.666666666666667 -0.666666666666667 -0 -0 -0 -0 -0 -0 -0 -0 -0 -0 -0 0.666666666666667 0.666666666666667 -0 -0 -0 -1 0.666666666666667 -0 -0 -0 -0 -0 -0 0.333333333333333 -0.333333333333333 -0 -0
-0 -0 -0 -0 -0 -0 -0 -0 -0 0.333333333333333 0.333333333333333 -0 -0 -0 -0 -0 -0 -0 -0 -0 -0 -0 -0.333333333333333 -0.333333333333333 -0 -0 -0 -0 -0.333333333333333 -0 -0 -0 -0 -0 -0 0.333333333333333 -0.333333333333333 -0 -0
-0 -0 -0 -0 -0 -0 -0 -0 -0 0.333333333333333 0.333333333333333 -0 -0 -0 -0 -0 -0 -0 -0 -0 -0 -0 -0.333333333333333 -0.333333333333333 -0 -0 -0 -0 -0.333333333333333 -0 -0 -0 -0 -0 -0 0.333333333333333 -0.333333333333333 1 -0
-0 -0 -0 -0 -0 -0 -0 -0 -0 -0 -0 -0 -0 -0 -0 -0 -0 -0 -0 -0 -0 -0 -0 -0 -0 -0 -0 -0 -0 -0 -0 -0 -0 -0 -0 -0 -0 1 -0
-0 -0 -0 -0 -0 -0 -0 -0 1 -0 -0 1 1 1 1 -0 1 1 1 1 1 1 1 1 -0 1 -0 -0 -0 -0 1 1 -1 1 1 -0 -0 -0 1
-0 -0 -0 -0 -0 -0 -0 -0 -0 -0 -0 -1 -1 -1 -1 -1 -1 -1 -0 -0 -1 -1 -1 -1 -0 -0 -0 -0 -0 -0 -0 -1 1 -1 -1 -0 -0 -0 1
-0 -0 -0 -0 -0 -0 -0 -0 -0 -0 -0 -2 -2 -2 -2 -1 -1 -1 -0 -0 -1 -1 -1 -1 -0 -0 -0 -0 -0 -0 -0 -1 1 -1 -1 -0 -0 -0 1
-0 -0 -0 -0 -0 -0 -0 -0 -0 -0 -0 -2 -2 -2 -2 -1 -1 -1 -0 -0 -1 -1 -1 -1 -0 -0 -0 -0 -0 -0 -0 -1 1 -1 -1 -0 -0 -0 1
-0 -0 -0 -0 -0 -0 -0 -0 -0 -0 -0 -1 -1 -1 -1 -0 -0 -0 -0 -0 -0 -0 -0 -0 -0 -0 -0 -0 -0 -0 -0 -1 -0 -0 -0 -0 -0 -0 1
-0 -0 -0 -0 -0 -0 -0 -0 -0 -0 -0 -1 -1 -1 -1 -0 -0 -0 -0 -0 -0 -0 -0 -0 -0 -0 -0 -0 -0 -0 -0 -1 -0 -0 -0 -0 -0 -0 1
-0 -0 -0 -0 -0 -0 -0 -0 -0 -0 -0 -0 -0 -0 -0 1 1 1 -0 -0 1 1 1 1 -0 -0 -0 -0 -0 -0 -0 -0 -1 -0 1 -0 -0 -0 1
-0 -0 -0 -0 -0 -0 -0 -0 -0 -0 -0 1 1 1 1 1 1 1 -0 -0 1 1 1 1 -0 -0 -0 -0 -0 -0 -0 1 -1 1 1 -0 -0 -0 -0
-0 -0 -0 -0 -0 -0 -0 -0 -0 -0 -0 1 1 1 1 1 1 1 -0 -0 1 1 1 1 -0 -0 -0 -0 -0 -0 -0 1 -1 1 1 -0 -0 -0 -0
1 0 0 0 0 0 0 0 0 0 0 0 0 0 0 0 0 0 0 0 0 0 0 0 0 0 0 0 0 0 0 0 0 0 0 0 0 0 0
-0 1 1 0.5 0.5 1 -0 -0 -0 -0 -0 -0 -0 -0 -0 -0.5 -0 -0 0.5 0.5 -0 0.5 -1 -0.5 -0 -0 -0 1 -0.5 1 -0 -0 -0 -0 -0 -0 -0 -0 -0
-0 1 1 0.5 0.5 1 -0 -0 -0 -0 -0 -0 -0 -0 -0 -0.5 -0 -0 0.5 0.5 -0 0.5 -1 -0.5 -0 -0 -0 1 -0.5 1 -0 -0 -0 -0 -0 -0 -0 -0 -0
0 1 0 0 0 0 0 0 0 0 0 0 0 0 0 0 0 0 0 0 0 0 0 0 0 0 0 0 0 0 0 0 0 0 0 0 0 0 0
0 0 1 0 0 0 0 0 0 0 0 0 0 0 0 0 0 0 0 0 0 0 0 0 0 0 0 0 0 0 0 0 0 0 0 0 0 0 0
-0 -0 -0 0.5 0.5 -0 -0 -0 -0 -0 -0 -0 -0 -0 -0 -0.5 -0 -0 0.5 0.5 -0 0.5 -0 0.5 -0 -0 -0 -0 0.5 1 -0 -0 -0 -0 -0 -0 -0 -0 -0
-0 -0 -0 0.5 -0.5 -0 -0 -0 -0 -0 -0 -0 -0 -0 -0 0.5 -0 -0 -0.5 -0.5 -0 0.5 -0 0.5 -0 -0 -0 -0 0.5 -0 -0 -0 -0 -0 -0 -0 -0 -0 -0
0 0 0 1 0 0 0 0 0 0 0 0 0 0 0 0 0 0 0 0 0 0 0 0 0 0 0 0 0 0 0 0 0 0 0 0 0 0 0
0 0 0 0 1 0 0 0 0 0 0 0 0 0 0 0 0 0 0 0 0 0 0 0 0 0 0 0 0 0 0 0 0 0 0 0 0 0 0
-0 -0 -0 -0 -0 1 -0 -0 -0 -0 -0 -0 -0 -0 -0 -0 -0 -0 -0 -0 -0 -0 -0 -0 -0 -0 -0 -0 -0 -0 -0 -0 -0 -0 -0 -0 -0 -0 -0
0 0 0 0 0 1 0 0 0 0 0 0 0 0 0 0 0 0 0 0 0 0 0 0 0 0 0 0 0 0 0 0 0 0 0 0 0 0 0
-0 -0 -0 -0 -0 -0 -0 1 -0 -0 -0 -0 -0 -0 -0 -0 -0 -0 -0 -0 -0 -0 -0 -0 -0 -0 -0 -0 -0 -0 -0 -0 -0 -0 -0 -0 -0 -0 -0
-0 -0 -0 -0 -0 -0 1 -0 1 -0 -0 -0 -0 -0 -0 -0 -0 -0 -0 -0 -0 -0 -0 -0 -0 -0 -0 -0 -0 -0 -0 -0 -0 -0 -0 -0 -0 -0 -0
-0 -0 -0 -0 -0 -0 1 -0 -0 -0 -0 -0 -0 -0 -0 -0 -0 -0 -0 -0 -0 -0 -0 -0 -0 -0 -0 -0 -0 -0 -0 -0 -0 -0 -0 -0 -0 -0 -0
-0 -0 -0 -0 -0 -0 -0 -0 1 -0 -0 -0 -0 -0 -0 -0 -0 -0 -0 -0 -0 -0 -0 -0 -0 -0 -0 -0 -0 -0 -0 -0 -0 -0 -0 -0 -0 -0 -0
-0 -0 -0 -0 -0 -0 -0 -0 1 -0 -0 -0 -0 -0 -0 -0 -0 -0 -0 -0 -0 -0 -0 -0 -0 -0 -0 -0 -0 -0 -0 -0 -0 -0 -0 -0 -0 -0 -0
0 0 0 0 0 0 1 0 0 0 0 0 0 0 0 0 0 0 0 0 0 0 0 0 0 0 0 0 0 0 0 0 0 0 0 0 0 0 0
0 0 0 0 0 0 0 1 0 0 0 0 0 0 0 0 0 0 0 0 0 0 0 0 0 0 0 0 0 0 0 0 0 0 0 0 0 0 0
0 0 0 0 0 0 0 0 1 0 0 0 0 0 0 0 0 0 0 0 0 0 0 0 0 0 0 0 0 0 0 0 0 0 0 0 0 0 0
-0 -0 -0 -0 -0 -0 -0 -0 -0 1 1 -0 -0 -0 -0 -0 -0 -0 -0 -0 -0 -0 -1 -1 -0 -0 -0 1 -1 -0 -0 -0 -0 -0 -0 -0 -0 -0 -0
-0 -0 -0 -0 -0 -0 -0 -0 -0 1 1 -0 -0 -0 -0 -0 -0 -0 -0 -0 -0 -0 -1 -1 -0 -0 -0 1 -1 -0 -0 -0 -0 -0 -0 -0 -0 -0 -0
-0 -0 -0 -0 -0 -0 -0 -0 -0 1 -0 -0 -0 -0 -0 -0 -0 -0 -0 -0 -0 -0 -0 -0 -0 -0 -0 -0 -0 -0 -0 -0 -0 -0 -0 -0 -0 -0 -0
-0 -0 -0 -0 -0 -0 -0 -0 -0 1 -0 -0 -0 -0 -0 -0 -0 -0 -0 -0 -0 -0 -0 -0 -0 -0 -0 -0 -0 -0 -0 -0 -0 -0 -0 -0 -0 -0 -0
-0 -0 -0 -0 -0 -0 -0 -0 -0 -0 1 -0 -0 -0 -0 -0 -0 -0 -0 -0 -0 -0 -0 -0 -0 -0 -0 -0 -0 -0 -0 -0 -0 -0 -0 -0 -0 -0 -0
0 0 0 0 0 0 0 0 0 1 0 0 0 0 0 0 0 0 0 0 0 0 0 0 0 0 0 0 0 0 0 0 0 0 0 0 0 0 0
0 0 0 0 0 0 0 0 0 0 1 0 0 0 0 0 0 0 0 0 0 0 0 0 0 0 0 0 0 0 0 0 0 0 0 0 0 0 0
-0 -0 -0 -0 -0 -0 -0 -0 -0 -0 -0 -0 -0 -0 -0 -0 -0 -0 -0 -0 -0 -0 -1 -1 -0 -0 -0 1 -1 -0 -0 -0 -0 -0 -0 -0 -0 -0 -0
-0 -0 -0 -0 -0 -0 -0 -0 -0 -0 -0 -0 -0 -0 -0 -0 -0 -0 -0 -0 -0 -0 -1 -1 -0 -0 -0 1 -1 -0 -0 -0 -0 -0 -0 -0 -0 -0 -0
-0 -0 -0 -0 -0 -0 -0 -0 -0 -0 -0 1 1 1 1 -0 -0 -0 -0 -0 -0 -0 -0 -0 -0 -0 -0 -0 -0 -0 -0 -0 -0 -0 -0 -0 -0 -0 -0
-0 -0 -0 -0 -0 -0 -0 -0 -0 -0 -0 -0 1 -0 -0 -0 -0 -0 -0 -0 -0 -0 -0 -0 -0 -0 -0 -0 -0 -0 -0 -0 -0 -0 -0 -0 -0 -0 -0
-0 -0 -0 -0 -0 -0 -0 -0 -0 -0 -0 -0 -0 1 -0 -0 -0 -0 -0 -0 -0 -0 -0 -0 -0 -0 -0 -0 -0 -0 -0 -0 -0 -0 -0 -0 -0 -0 -0
-0 -0 -0 -0 -0 -0 -0 -0 -0 -0 -0 -0 -0 -0 1 -0 -0 -0 -0 -0 -0 -0 -0 -0 -0 -0 -0 -0 -0 -0 -0 -0 -0 -0 -0 -0 -0 -0 -0
-0 -0 -0 -0 -0 -0 -0 -0 -0 -0 -0 -0 -0 -0 1 -0 -0 -0 -0 -0 -0 -0 -0 -0 -0 -0 -0 -0 -0 -0 -0 -0 -0 -0 -0 -0 -0 -0 -0
-0 -0 -0 -0 -0 -0 -0 -0 -0 -0 -0 -0 -0 -0 1 -0 -0 -0 -0 -0 -0 -0 -0 -0 -0 -0 -0 -0 -0 -0 -0 -0 -0 -0 -0 -0 -0 -0 -0
-0 -0 -0 -0 -0 -0 -0 -0 -0 -0 -0 -0 -0 -0 1 -0 -0 -0 -0 -0 -0 -0 -0 -0 -0 -0 -0 -0 -0 -0 -0 -0 -0 -0 -0 -0 -0 -0 -0
0 0 0 0 0 0 0 0 0 0 0 1 0 0 0 0 0 0 0 0 0 0 0 0 0 0 0 0 0 0 0 0 0 0 0 0 0 0 0
0 0 0 0 0 0 0 0 0 0 0 0 1 0 0 0 0 0 0 0 0 0 0 0 0 0 0 0 0 0 0 0 0 0 0 0 0 0 0
0 0 0 0 0 0 0 0 0 0 0 0 0 1 0 0 0 0 0 0 0 0 0 0 0 0 0 0 0 0 0 0 0 0 0 0 0 0 0
0 0 0 0 0 0 0 0 0 0 0 0 0 0 1 0 0 0 0 0 0 0 0 0 0 0 0 0 0 0 0 0 0 0 0 0 0 0 0
-0 -0 -0 -0 -0 -0 -0 -0 -0 -0 -0 -0 -0 -0 -0 1 -0 -0 -1 -1 -0 -0 -0 -0 -0 -0 -0 -0 -0 -0 -0 -0 -0 -0 -0 -0 -0 -0 -0
-0 -0 -0 -0 -0 -0 -0 -0 -0 -0 -0 -0 -0 -0 -0 1 1 1 -0 -0 1 1 1 1 -0 -0 -0 -0 -0 -0 -0 -0 -0 -0 -0 -0 -0 -0 -0
-0 -0 -0 -0 -0 -0 -0 -0 -0 -0 -0 -0 -0 -0 -0 1 -0 -0 -0 -0 -0 1 -0 -0 -0 -0 -0 -0 -0 -0 -0 -0 -0 -0 -0 -0 -0 -0 -0
0 0 0 0 0 0 0 0 0 0 0 0 0 0 0 1 0 0 0 0 0 0 0 0 0 0 0 0 0 0 0 0 0 0 0 0 0 0 0
-0 -0 -0 -0 -0 -0 -0 -0 -0 -0 -0 -0 -0 -0 -0 -0 -0 -0 -0 -0 1 -0 -0 -0 -0 -0 -0 -0 -0 -0 -0 -0 -0 -0 -0 -0 -0 -0 -0
-0 -0 -0 -0 -0 -0 -0 -0 -0 -0 -0 -0 -0 -0 -0 -0 -0 -0 -0 1 -0 -0 -0 -0 -0 -0 -0 -0 -0 -0 -0 -0 -0 -0 -0 -0 -0 -0 -0
-0 -0 -0 -0 -0 -0 -0 -0 -0 -0 -0 -0 -0 -0 -0 -0 -0 -0 -0 -0 -0 1 -0 -0 -0 -0 -0 -0 -0 -0 -0 -0 -0 -0 -0 -0 -0 -0 -0
-0 -0 -0 -0 -0 -0 -0 -0 -0 -0 -0 -0 -0 -0 -0 -0 1 -0 -0 -0 -0 -0 -0 -0 -0 -0 -0 -0 -0 -0 -0 -0 -0 -0 -0 -0 -0 -0 -0
0 0 0 0 0 0 0 0 0 0 0 0 0 0 0 0 1 0 0 0 0 0 0 0 0 0 0 0 0 0 0 0 0 0 0 0 0 0 0
0 0 0 0 0 0 0 0 0 0 0 0 0 0 0 0 0 1 0 0 0 0 0 0 0 0 0 0 0 0 0 0 0 0 0 0 0 0 0
0 0 0 0 0 0 0 0 0 0 0 0 0 0 0 0 0 0 1 0 0 0 0 0 0 0 0 0 0 0 0 0 0 0 0 0 0 0 0
0 0 0 0 0 0 0 0 0 0 0 0 0 0 0 0 0 0 0 1 0 0 0 0 0 0 0 0 0 0 0 0 0 0 0 0 0 0 0
0 0 0 0 0 0 0 0 0 0 0 0 0 0 0 0 0 0 0 0 1 0 0 0 0 0 0 0 0 0 0 0 0 0 0 0 0 0 0
0 0 0 0 0 0 0 0 0 0 0 0 0 0 0 0 0 0 0 0 0 1 0 0 0 0 0 0 0 0 0 0 0 0 0 0 0 0 0
-0 -0 -0 -0 -0 -0 -0 -0 -0 -0 -0 -0 -0 -0 -0 -0 -0 -0 -0 -0 -0 -0 1 1 -0 -0 -0 -0 -0 -0 -0 -0 -0 -0 -0 -0 -0 -0 -0
-0 -0 -0 -0 -0 -0 -0 -0 -0 -0 -0 -0 -0 -0 -0 -0 -0 -0 -0 -0 -0 -0 1 1 -0 -0 -0 -0 -0 -0 -0 -0 -0 -0 -0 -0 -0 -0 -0
-0 -0 -0 -0 -0 -0 -0 -0 -0 -0 -0 -0 -0 -0 -0 -0 -0 -0 -0 -0 -0 -0 1 1 -0 -0 -0 -0 -0 -0 -0 -0 -0 -0 -0 -0 -0 -0 -0
-0 -0 -0 -0 -0 -0 -0 -0 -0 -0 -0 -0 -0 -0 -0 -0 -0 -0 -0 -0 -0 -0 -0 1 -0 -0 -0 -0 -0 -0 -0 -0 -0 -0 -0 -0 -0 -0 -0
0 0 0 0 0 0 0 0 0 0 0 0 0 0 0 0 0 0 0 0 0 0 1 0 0 0 0 0 0 0 0 0 0 0 0 0 0 0 0
0 0 0 0 0 0 0 0 0 0 0 0 0 0 0 0 0 0 0 0 0 0 0 1 0 0 0 0 0 0 0 0 0 0 0 0 0 0 0
0 0 0 0 0 0 0 0 0 0 0 0 0 0 0 0 0 0 0 0 0 0 0 0 1 0 0 0 0 0 0 0 0 0 0 0 0 0 0
-0 -0 -0 -0 -0 -0 -0 -0 -0 -0 -0 -0 -0 -0 -0 -0 -0 -0 -0 -0 -0 -0 -0 -0 -0 1 -0 -0 -0 -0 -0 -0 -0 -0 -0 -0 -0 -0 -0
-0 -0 -0 -0 -0 -0 -0 -0 -0 -0 -0 -0 -0 -0 -0 -0 -0 -0 -0 -0 -0 -0 -0 -0 -0 1 -0 -0 -0 -0 -0 -0 -0 -0 -0 -0 -0 -0 -0
0 0 0 0 0 0 0 0 0 0 0 0 0 0 0 0 0 0 0 0 0 0 0 0 0 1 0 0 0 0 0 0 0 0 0 0 0 0 0
-0 -0 -0 -0 -0 -0 -0 -0 -0 -0 -0 -0 -0 -0 -0 -0 -0 -0 -0 -0 -0 -0 -0 -0 -0 -0 1 -0 -0 -0 -0 -0 -0 -0 -0 -0 -0 -0 -0
0 0 0 0 0 0 0 0 0 0 0 0 0 0 0 0 0 0 0 0 0 0 0 0 0 0 1 0 0 0 0 0 0 0 0 0 0 0 0
0 0 0 0 0 0 0 0 0 0 0 0 0 0 0 0 0 0 0 0 0 0 0 0 0 0 0 1 0 0 0 0 0 0 0 0 0 0 0
-0 -0 -0 -0 -0 -0 -0 -0 -0 -0 -0 -0 -0 -0 -0 -0 -0 -0 -0 -0 -0 -0 -0 -0 -0 -0 -0 -0 1 -1 -0 -0 -0 -0 -0 -0 -0 -0 -0
-0 -0 -0 -0 -0 -0 -0 -0 -0 -0 -0 -0 -0 -0 -0 -0 -0 -0 -0 -0 -0 -0 -0 -0 -0 -0 -0 -0 1 -1 -0 -0 -0 -0 -0 -0 -0 -0 -0
-0 -0 -0 -0 -0 -0 -0 -0 -0 -0 -0 -0 -0 -0 -0 -0 -0 -0 -0 -0 -0 -0 -0 -0 -0 -0 -0 -0 -0 1 -0 -0 -0 -0 -0 -0 -0 -0 -0
0 0 0 0 0 0 0 0 0 0 0 0 0 0 0 0 0 0 0 0 0 0 0 0 0 0 0 0 1 0 0 0 0 0 0 0 0 0 0
0 0 0 0 0 0 0 0 0 0 0 0 0 0 0 0 0 0 0 0 0 0 0 0 0 0 0 0 0 1 0 0 0 0 0 0 0 0 0
0 0 0 0 0 0 0 0 0 0 0 0 0 0 0 0 0 0 0 0 0 0 0 0 0 0 0 0 0 0 1 0 0 0 0 0 0 0 0
0 0 0 0 0 0 0 0 0 0 0 0 0 0 0 0 0 0 0 0 0 0 0 0 0 0 0 0 0 0 0 1 0 0 0 0 0 0 0
0 0 0 0 0 0 0 0 0 0 0 0 0 0 0 0 0 0 0 0 0 0 0 0 0 0 0 0 0 0 0 0 1 0 0 0 0 0 0
0 0 0 0 0 0 0 0 0 0 0 0 0 0 0 0 0 0 0 0 0 0 0 0 0 0 0 0 0 0 0 0 0 1 0 0 0 0 0
0 0 0 0 0 0 0 0 0 0 0 0 0 0 0 0 0 0 0 0 0 0 0 0 0 0 0 0 0 0 0 0 0 0 1 0 0 0 0
0 0 0 0 0 0 0 0 0 0 0 0 0 0 0 0 0 0 0 0 0 0 0 0 0 0 0 0 0 0 0 0 0 0 0 1 0 0 0
0 0 0 0 0 0 0 0 0 0 0 0 0 0 0 0 0 0 0 0 0 0 0 0 0 0 0 0 0 0 0 0 0 0 0 0 1 0 0
0 0 0 0 0 0 0 0 0 0 0 0 0 0 0 0 0 0 0 0 0 0 0 0 0 0 0 0 0 0 0 0 0 0 0 0 0 1 0
0 0 0 0 0 0 0 0 0 0 0 0 0 0 0 0 0 0 0 0 0 0 0 0 0 0 0 0 0 0 0 0 0 0 0 0 0 0 1
